0 100.0 10.0
1 100.0 10.5
2 99.95 11.025
3 99.84755125 11.57569875
4 99.69022158830481 12.152718986695186
5 99.47561655550382 12.75659028604447
6 99.20140303720862 13.387730455592472
7 98.86533542290196 14.04642557749159
8 98.46528420091944 14.732808874828546
9 97.99926682999082 15.44683864402494
10 97.46548063633512 16.188275573779308
11 96.86233738322662 16.956659854562186
12 96.18849904933367 17.751288569559296
13 95.4429142361295 18.571193944778834
14 94.62485450755673 19.415123118473947
15 93.7339498523004 20.281520162882146
16 92.77022235694739 21.16851114861405
17 91.7341170942944 22.073893077405796
18 90.62652917294767 22.995127515825185
19 89.44882587002857 23.929339734682507
20 88.20286278561649 24.873324091060752
21 86.89099302164665 25.823556278333715
22 85.51606850348831 26.776212912791824
23 84.08143273080891 27.727198724866525
24 82.59090446371837 28.672181383021833
25 81.048752114984 29.606633707242302
26 79.45965891983643 30.525882738177597
27 77.82867927843228 31.42516483187123
28 76.16118699624504 32.29968566524924
29 74.4628164663365 33.144683781857765
30 72.73939812571663 33.95549609804811
31 70.99688975774166 34.727623642377836
32 69.24130538803283 35.456795727545185
33 67.4786436208611 36.139030762219974
34 65.71481727946254 36.77069200171615
35 63.955586146124986 37.34853670776251
36 62.20649445074122 37.869757429219405
37 60.47281453987698 38.33201441313009
38 58.759497886730635 38.733458491018695
39 57.07113429324916 39.072744138816546
40 55.411919808229484 39.349032759827885
41 53.785633558492805 39.56198656965547
42 52.19562338159623 39.7117537536542
43 50.64479987266377 39.798945808719914
44 49.135638225764794 39.82460816390953
45 47.670187068797745 39.79018529493875
46 46.25008336297387 39.697481606703676
47 44.87657236299344 39.54861935997866
48 43.55053160805881 39.34599487054429
49 42.27249793087924 39.09223412027723
50 41.042696524225164 38.790148800226234
51 39.861071184130196 38.44269366555214
52 38.72731494725921 38.052925930986824
53 37.640900449537746 37.623967281631536
54 36.601109447068566 37.15896892451452
55 35.607061052992876 36.66107996683517
56 34.65773835087505 36.13341928114116
57 33.75201314321555 35.579050908252356
58 32.888668680769236 35.00096295671821
59 32.06642029338555 34.40204988307368
60 31.28393390581475 33.78509797942465
61 30.539842472683098 33.15277385264321
62 29.83276040641772 32.507615651003256
63 29.161296101381602 31.852026777553387
64 28.52406267810605 31.188271822965085
65 27.919687084587043 30.518474452116898
66 27.346817698430844 29.84461698651312
67 26.804130575405487 29.16854143719713
68 26.290334487782783 28.491951758714034
69 25.804174890714247 27.816417112724697
70 25.344436947611584 27.143375949098267
71 24.909947736800465 26.47414073193059
72 24.49957775215938 25.80990315734315
73 24.11224180050194 25.151739728655027
74 23.74689938846634 24.500617572262897
75 23.402554681907187 23.85740039409357
76 23.07825611143533 23.222854491679822
77 22.7730956889521 22.597654750693412
78 22.486208091858177 21.982390567142183
79 22.2167695641275 21.377571647434333
80 21.9639966766371 20.78363364819429
81 21.727144983026093 20.200943626161955
82 21.505507601896795 19.629805275813414
83 21.298413751333 19.070463938605503
84 21.105227257452036 18.523111373069526
85 20.925345054982827 17.987890279459776
86 20.758195694623787 17.464898576395655
87 20.60323786913445 16.954193430011447
88 20.45995896770795 16.455795038628718
89 20.327873666113675 15.969690177968637
90 20.206522558350088 15.495835513494928
91 20.09547083406967 15.0341606876841
92 19.99430700479629 14.584571190913968
93 19.90264168091981 14.146951025292712
94 19.820106400595087 13.721165171161998
95 19.746352510968467 13.307061866236468
96 19.681050101582183 12.904474707420617
97 19.62388698934666 12.51322458530093
98 19.574567754105864 12.133121461170143
99 19.532812823536453 11.763965996222106
100 19.498357605905163 11.405551042277654
101 19.47095166904948 11.057663003078506
102 19.450357963834396 10.72008307483016
103 19.43635209026525 10.39258837429614
104 19.428721604395882 10.07495296235335
105 19.427265364156895 9.766948770518631
106 19.431792912235473 9.468346437555692
107 19.442123894161945 9.178916062873792
108 19.458087509795057 8.898427883038607
109 19.479521996445243 8.626652877334443
110 19.50627414192996 8.363363307947454
111 19.538198825915877 8.108333199983463
112 19.575158587966982 7.861338766192341
113 19.617023220784702 7.622158780944671
114 19.66366938719425 7.390574907695737
115 19.71498025949997 7.166371983877173
116 19.770845179900597 6.949338266877687
117 19.831159340722404 6.739265644511
118 19.895823483293874 6.535949813121203
119 19.96474361434929 6.33919042624267
120 20.03783073891031 6.1487912165130085
121 20.115000608654025 5.964560093332744
122 20.196173484832823 5.786309218573849
123 20.281273914865945 5.613855062460361
124 20.370230521774488 5.447018441577458
125 20.462975805680944 5.2856245408098745
126 20.559445956641248 5.129502920865887
127 20.659580678121685 4.978487512908568
128 20.763323020474946 4.832416601691096
129 20.87061922380928 4.69113279847696
130 20.981418569682035 4.554483004918447
131 21.09567324108416 4.422318368967222
132 21.213338190215225 4.294494233798638
133 21.33437101357988 4.170870080646205
134 21.458731833965732 4.051309466363841
135 21.58638318889028 3.935679956460757
136 21.71728992513019 3.823853054286716
137 21.851419098970453 3.7157041269834195
138 21.98873988183367 3.611112328760737
139 22.129223470970803 3.509960522003903
140 22.2728430049148 3.412135196669418
141 22.419573483416986 3.317526388382909
142 22.56939169160363 3.2260275956112894
143 22.722276128106394 3.1375356962439986
144 22.87820693693561 3.0519508638836452
145 23.037165842879674 2.9691764841147523
146 23.199136090227142 2.8891190709903447
147 23.364102384620637 2.811688183949603
148 23.532050837863416 2.7367963453555495
149 23.702968915510265 2.6643589588195575
150 23.876845387084707 2.594294228459241
151 24.053670278774025 2.526523079217806
152 24.233434828462546 2.4609690783561335
153 24.416131442971967 2.397558358213532
154 24.60175365738535 2.3362195403191928
155 24.790296096338697 2.276883660923736
156 24.981754437170867 2.2194840980087642
157 25.176125374828914 2.1639564998219867
158 25.373406588432008 2.1102387149760813
159 25.57359670940259 2.0582707241410154
160 25.776695291078664 2.007994573351917
161 25.982702779726015 1.959354308947753
162 26.19162048687371 1.9122959141499303
163 26.40345056290043 1.866767247284448
164 26.61819597180332 1.8227179816463424
165 26.83586046708456 1.7800995470008174
166 27.05644856869457 1.7388650727116108
167 27.279965540973794 1.6989693324837514
168 27.506417371538205 1.6603686907048918
169 27.735810751056423 1.6230210503668105
170 27.968153053869035 1.5868858025464248
171 28.203452319403095 1.5519237774237336
172 28.441717234337208 1.518097196812465
173 28.6829571154746 1.4853696281778217
174 28.927181893283695 1.4537059401145835
175 29.17440209606749 1.423072259257896
176 29.424628834724814 1.39343592859835
177 29.677873788068087 1.364765467172409
178 29.934149188663714 1.337030531098845
179 30.193467809162637 1.3102018759316139
180 30.455842949089817 1.2842513202994787
181 30.721288422062514 1.259151710802707
182 30.989818543408436 1.2348768881372751
183 31.261448118155695 1.2114016544172344
184 31.53619242936744 1.188701741666185
185 31.814067226794805 1.1667537814491848
186 32.09508871582261 1.145535275616867
187 32.37927354668281 1.1250245681340514
188 32.66663880391129 1.1052008179657
189 32.95720199602413 1.0860439729936877
190 33.25098104538985 1.0675347449385209
191 33.5479942782745 1.0496545852608405
192 33.848260415036755 1.0323856620182938
193 34.15179856045037 1.0157108376541244
194 34.45862819413165 0.9996136476946481
195 34.76876916104928 0.9840782803336052
196 35.082241662094454 0.9690895568822464
197 35.39906624468864 0.9546329130648892
198 35.71926379340658 0.9406943811405888
199 36.04285552059171 0.9272605728324953
200 36.36986295694108 0.9143186630474133
201 36.70030794203648 0.9018563743690506
202 37.034212614798015 0.8898619623094308
203 37.37159940383601 0.8783242013039482
204 37.71249101767655 0.8672323714365762
205 38.056910434835274 0.8565762458827875
206 38.40488089371346 0.8463460790588168
207 38.756425882289484 0.8365325954669911
208 39.111569127578036 0.8271269792279772
209 39.47033458482846 0.8181208642919382
210 39.83274642643231 0.8095063253217731
211 40.1988290305095 0.8012758692428197
212 40.56860696914063 0.7934224274546438
213 40.94210499621213 0.7859393487018205
214 41.319348034839045 0.7788203926019339
215 41.70036116432889 0.7720597238303866
216 42.085169606648016 0.7656519069630263
217 42.4737987123503 0.7595919019790673
218 42.86627394592561 0.7538750604283042
219 43.26262087052355 0.74849712226821
220 43.662865132005415 0.743454213378167
221 44.06703244227492 0.7387428437598107
222 44.475148561835205 0.7343599064342822
223 44.88723928151704 0.7303026770490881
224 45.30333040331957 0.7265688142092686
225 45.7234477203019 0.7231563605496758
226 46.14761699545972 0.720063744567389
227 46.5758639395177 0.7172897832356319
228 47.00821418756369 0.7148336854230392
229 47.44469327444647 0.7126950561447389
230 47.88532660885394 0.7108739016745036
231 48.330139445983086 0.7093706355501724
232 48.77915685870789 0.7081860855076892
233 49.23240370714483 0.7073215013824387
234 49.68990460650948 0.7067785640201207
235 50.15168389315049 0.7065593952432002
236 50.617765588640026 0.7066665689230127
237 51.08817336179135 0.7071031232119356
238 51.562930488465945 0.7078725739946542
239 52.04205980902303 0.7089789296224993
240 52.52558368325451 0.7104267070001256
241 53.0135239426377 0.7122209490994733
242 53.50590183972654 0.7143672439820327
243 54.002737994489785 0.7168717454169496
244 54.50405233739128 0.7197411951895063
245 55.00986404899321 0.7229829472020164
246 55.52019149584782 0.726604993477239
247 56.0350521624266 0.7306159921830725
248 56.55446257881819 0.7350252978066004
249 57.07843824390709 0.7398429936155585
250 57.60699354372488 0.7450799265560536
251 58.14014166464346 0.7507477447469245
252 58.677894501055896 0.756858937743576
253 59.220262557165356 0.763426879757496
254 59.76725484247457 0.7704658760320576
255 60.31887876053908 0.7779912125906931
256 60.87513999051544 0.7860192095901812
257 61.43604236100156 0.7945672785297088
258 62.001587715629164 0.8036539835856402
259 62.57177576982915 0.8132991073626581
260 63.14660395814774 0.8235237213742237
261 63.72606727144546 0.8343502615892706
262 64.31015808326194 0.8458026094077931
263 64.8988659645763 0.8579061784556541
264 65.4921774861363 0.8706880076186467
265 66.09007600746766 0.8841768607677252
266 66.69254145161015 0.898403333661522
267 67.29955006455577 0.9133999685489318
268 67.91107415828901 0.9292013770338078
269 68.52708183624817 0.9458443718058446
270 69.14753669993956 0.9633681078866463
271 69.77239753534332 0.9818142340879572
272 70.4016179776501 1.001227055430203
273 71.03514615276133 1.0216537073239775
274 71.67292429387167 1.043144342375048
275 72.31488833133176 1.0657523307349228
276 72.96096745385913 1.0895344749841291
277 73.61108363902855 1.1145512406040972
278 74.26515115082674 1.1408670031659836
279 74.9230760019019 1.1685503134407969
280 75.58475537797496 1.1976741817147283
281 76.25007702170728 1.2283163826764159
282 76.91891857313826 1.2605597823286967
283 77.59114686361612 1.2944926884657757
284 78.26661715994766 1.3302092263471121
285 78.94517235528599 1.3678097412908963
286 79.6266421030634 1.4074012300018004
287 80.31084189005728 1.449097802538475
288 80.99757204445496 1.4930211769144481
289 81.68661667455848 1.5393012084097508
290 82.37774253354601 1.5880764557473153
291 83.07069780548633 1.6394947863550882
292 83.76521080759022 1.6937140229883076
293 84.46098860348273 1.7509026340222795
294 85.1577155220996 1.811240469739129
295 85.85505157665642 1.8749195469163316
296 86.5526307780204 1.9421448839730981
297 87.25005933674066 2.013135388834388
298 87.94691374797938 2.0881248015213614
299 88.64273875364475 2.167362693259709
300 89.33704517617818 2.25111552359974
301 90.02930761871134 2.339667756648379
302 90.71896202670958 2.433323037004837
303 91.40540310678391 2.5324054253473545
304 92.08798159911807 2.637260692813668
305 92.76600140095735 2.7482576723248875
306 93.43871653988585 2.8657896637897253
307 94.10532799722692 2.990275888658022
308 94.76498038389482 3.1221629875294834
309 95.41675847346521 3.2619265524215635
310 96.05968360018926 3.4100726828110766
311 96.69270993322668 3.567139551635003
312 97.31472064260136 3.7336989640108365
313 97.9245239773811 3.910357887456579
314 98.52084928244453 4.097759927794133
315 99.10234298702713 4.296586719646273
316 99.66756460613351 4.5075591944278495
317 100.21498280496823 4.731438681933066
318 100.74297158686522 4.969027793989097
319 101.2498066768697 5.22117103015383
320 101.73366218620845 5.488755036076086
321 102.19260765740752 5.772708434935297
322 102.62460560576964 6.074001141400482
323 103.02750969024213 6.393643055915677
324 103.39906366524524 6.732682025019195
325 103.73690128455488 7.092200941111048
326 104.03854734848215 7.473313842973759
327 104.30142010586468 7.8771608669273645
328 104.52283524210047 8.304901888403865
329 104.70001170273802 8.757708685767119
330 104.83007961787642 9.236755453367751
331 104.9100906044678 9.743207490286759
332 104.93703072992835 10.278207896356534
333 104.90783641935909 10.842862119407265
334 104.81941357801223 11.438220218977344
335 104.66866017806298 12.065256743757846
336 104.45249252177014 12.724848164643427
337 104.16787533922977 13.417747864169336
338 103.81185580577406 14.144558757808877
339 103.38160146962986 14.905703714120387
340 102.87444196332858 15.701394049411943
341 102.28791423208229 16.531596497820928
342 101.61981084971461 17.39599919761838
343 100.86823081020799 18.29397738574123
344 100.0316319849284 19.22455964983584
345 99.108884228813 20.18639574330873
346 98.09932191238055 21.17772711486388
347 97.00279446189077 22.19636142873427
348 95.81971332103633 23.239652442770907
349 94.55109361949987 24.304486655379193
350 93.19858876256822 25.38727811573688
351 91.76451615728439 26.483972702859546
352 90.2518723778566 27.590063008717202
353 88.6643362560754 28.70061470384111
354 87.00625866577872 29.81030492150649
355 85.28263815153016 30.913472776337493
356 83.4990820202539 32.004181650312184
357 81.6617530518459 33.076292356407095
358 79.77730256408479 34.123545756866314
359 77.85279115532073 35.139652903427915
360 75.89559900811291 36.11839031701755
361 73.91332812987517 37.053697669485544
362 71.91369929690404 37.939774900281144
363 69.90444672630204 38.77117571883814
364 67.89321360601144 39.54289452044984
365 65.88745155779468 40.250443978704226
366 63.89432689554602 40.88992095759562
367 61.920636188103835 41.45805888611349
368 59.97273316863286 41.952265323159835
369 58.05646848627364 42.370644071047394
370 56.17714320888249 42.71200182974891
371 54.33947639744346 42.97583998178931
372 52.547586519067146 43.162332625050595
373 50.80498597627822 43.27229240177766
374 49.114587627407275 43.307125990322504
375 47.478721869338486 43.26878132514924
376 45.89916265386989 43.159688693053766
377 44.37716070899572 42.982697829813944
378 42.91348222678582 42.741013027623104
379 41.508451346137946 42.43812807915768
380 40.16199488500444 42.07776264979468
381 38.873687945541 41.66380140561843
382 37.642799210529404 41.20023694980451
383 36.46833495570697 40.69111734924201
384 35.34908100804991 40.14049877899404
385 34.28364207508822 39.55240358308653
386 33.27047804818713 38.930783851584174
387 32.30793703913615 38.279490448537814
388 31.39428504222594 37.602247293412496
389 30.527732222890535 36.902630598499535
390 29.7064559198882 36.184052693805796
391 28.92862051273563 35.44975002546696
392 28.192394352104913 34.70277488995169
393 27.49596398081612 33.94599046026395
394 26.837545889635738 33.182068668239296
395 26.21539605793518 32.41349052542425
396 25.627817526770404 31.642548490897166
397 25.07316624323141 30.871350525159006
398 24.549855401793344 30.101825502771437
399 24.056358492388224 29.33572969105592
400 23.59121124722827 28.574654036586963
401 23.153012660006965 27.820032034451202
402 22.740425232711587 27.07314798662409
403 22.352174587434742 26.335145484896845
404 21.987048563645182 25.60703598031591
405 21.64389590561142 24.889707324970328
406 21.32162463020474 24.183932193184603
407 21.019200152201382 23.49037630783078
408 20.73564323245857 22.809606413704063
409 20.470027803915787 22.14209795388623
410 20.22147872120187 21.488242416944992
411 19.989169471623608 20.84835433288802
412 19.77231987837529 20.222677904208176
413 19.570193820839684 19.611393265317123
414 19.382096991749115 19.01462236935023
415 19.20737470664238 18.432434505906947
416 19.045409777398206 17.8648514569222
417 18.895620458562757 17.311852300685523
418 18.757458472639932 16.773377876159696
419 18.630407118408367 16.249334921309675
420 18.51397946460508 15.73959990023156
421 18.407716629917143 15.24402253455397
422 18.311186149100173 14.762429054942412
423 18.22398042415324 14.294625188633226
424 18.145715258786513 13.840398898809825
425 18.076028473888552 13.399522891355158
426 18.01457860130678 12.971756904108057
427 17.96104365297375 12.556849793248752
428 17.915119962223113 12.15454143086669
429 17.876521094025556 11.764564427143144
430 17.844976820821966 11.386645689929834
431 17.820232160626478 11.020507833837053
432 17.80204647410576 10.665870450272179
433 17.79019261740428 10.322451249201105
434 17.784456147571273 9.989967082748104
435 17.78463457754817 9.668134860109513
436 17.79053667779015 9.35667236263754
437 17.801981821718485 9.055298967355231
438 17.818799372328584 8.763736286594554
439 17.840828107409045 8.481708730907652
440 17.867915680957903 8.208944001887502
441 17.89991811851205 7.945173521048558
442 17.93669934423303 7.690132800460269
443 17.978130737716278 7.443561760396336
444 18.02409071861077 7.205204998859189
445 18.074464357251248 6.974812017461856
446 18.129143009615618 6.752137407796905
447 18.18802397502525 6.5369410020935845
448 18.2510101751061 6.328987991658309
449 18.31800985262328 6.128049016309274
450 18.3889362888914 5.933900227751922
451 18.463707538547546 5.746323329597094
452 18.542246180553406 5.565105596496853
453 18.62447908436792 5.39003987466303
454 18.71033719030203 5.220924565839448
455 18.799755303133065 5.057563596619463
456 18.892671898117914 4.89976637483497
457 18.989028938601905 4.7473477345904085
458 19.08877170447418 4.600127871374632
459 19.191848630770863 4.457932268553959
460 19.298211155774258 4.320591616430577
461 19.407813578000255 4.187941724940794
462 19.520612921507077 4.059823430966934
463 19.636568808996575 3.9360825011441576
464 19.755643342214935 3.8165695309585543
465 19.877800989192703 3.7011398408550087
466 20.003008477894944 3.5896533700019466
467 20.13123469588104 3.4819745682947025
468 20.262450595600423 3.3779722871193973
469 20.39662910497536 3.2775196693444912
470 20.53374504294523 3.1804940389571477
471 20.673775039668133 3.0867767907158434
472 20.816697461095885 2.9962532801489794
473 20.962492337657164 2.908812714191208
474 21.111141296800824 2.824348042714561
475 21.262627499167742 2.742755851179923
476 21.41693557817462 2.663936254605728
477 21.57405158280711 2.5877927930246964
478 21.733962923432852 2.514232328575793
479 21.896658320457018 2.4431649443571657
480 22.06212775565448 2.3745038451464144
481 22.230362426023113 2.308165260077007
482 22.401354700012675 2.2440683473438243
483 22.57509807599288 2.1821351009965535
484 22.751587142832747 2.1222902598667894
485 22.93081754247133 2.0644612186631943
486 23.11278593436737 2.008577941258708
487 23.29748996172224 1.9545728761845775
488 23.484928219377096 1.9023808743377135
489 23.675100223291132 1.851939108900565
490 23.86800638151339 1.80318699746619
491 24.063647966565938 1.7560661263554656
492 24.26202708916097 1.7105201771083214
493 24.463146673179022 1.6664948551264638
494 24.667010431839753 1.6239378204411974
495 24.873622845000668 1.5827986205766196
496 25.082989137522866 1.5430286254755987
497 25.295115258646405 1.50458096445351
498 25.510007862321054 1.4674104651426512
499 25.727674288441225 1.43147359438856
500 25.9481225449367 1.396728401058065
501 26.17136129067342 1.36313446071781
502 26.397399819120942 1.3306528221411325
503 26.626248042745647 1.2992459556005769
504 26.85791647809075 1.268877702902903
505 27.092416231506178 1.2395132291232358
506 27.329758985493374 1.211118975994939
507 27.56995698563161 1.1836626169118913
508 27.813023028054165 1.1571130135000578
509 28.058970447444167 1.131440173715593
510 28.30781310552127 1.1066152114271501
511 28.559565379991675 1.0826103074405993
512 28.814242153935187 1.059398671924972
513 29.071858805604133 1.036954508199127
514 29.332431198609974 1.0152529778393704
515 29.595975672474417 0.994270167069059
516 29.86250903352272 0.9739830543920489
517 30.132048546097668 0.9543694794327271
518 30.404611924073464 0.9354081129462717
519 30.680217322649437 0.9170784279637193
520 30.95888333040409 0.8993606720373739
521 31.24062896159057 0.882235840553064
522 31.525473648655144 0.865685651076746
523 31.813437234960656 0.8496925187039475
524 32.10453996769746 0.8342395323815537
525 32.398802490964464 0.8193104321724528
526 32.69624583900337 0.8048895874345722
527 32.99689142956939 0.7909619758868583
528 33.30076105742182 0.7775131635357717
529 33.60787688791814 0.7645292854368879
530 33.91826145069515 0.7519970272672145
531 34.231937633421104 0.7399036076848486
532 34.548928675602305 0.7282367614536173
533 34.86925816242791 0.716984723311349
534 35.19295001863653 0.7061362125614419
535 35.52002850238787 0.6956804183683939
536 35.85051819912275 0.6856069857389727
537 36.1844440153943 0.6759060021717048
538 36.521831172652995 0.6665679849583707
539 36.86270520096778 0.6575838691221972
540 37.207091932665094 0.6489449959784507
541 37.55501749586713 0.6406431023041413
542 37.906508307910165 0.6326703101045729
543 38.261591068623126 0.6250191169654913
544 38.62029275344595 0.6176823869806223
545 38.98264060636657 0.6106533422454301
546 39.34866213265441 0.6039255549089887
547 39.718385091367566 0.5974929397769289
548 40.09183748760981 0.5913497474595157
549 40.46904756451242 0.585490558060026
550 40.850043794914846 0.5799102753997288
551 41.234854872716795 0.5746041217769424
552 41.623509703873225 0.5695676332588324
553 42.016037397001995 0.5647966555058519
554 42.41246725357258 0.5602873401299948
555 42.81282875764245 0.5560361415893498
556 43.21715156510595 0.5520398146228074
557 43.62546549241848 0.548295412230194
558 44.03780050475676 0.544800284204584
559 44.45418670357359 0.5415520762250912
560 44.87465431350311 0.5385487295200547
561 45.29923366856995 0.5357884811122408
562 45.72795519765281 0.5332698646594604
563 46.16084940914993 0.5309917119058936
564 46.59794687479064 0.5289531547613936
565 47.039278212533716 0.5271536280281482
566 47.48487406848949 0.5255928727963034
567 47.93476509779836 0.5242709405325163
568 48.38898194439432 0.5231881978879185
569 48.847555219577146 0.5223453322546413
570 49.310515479311924 0.5217433581029062
571 49.77789320016908 0.5213836241337224
572 50.24971875381233 0.5212678212854819
573 50.72602237993545 0.5213979916362158
574 51.20683415754222 0.5217765382469971
575 51.69218397445633 0.5224062359959577
576 52.18210149494038 0.5232902434566661
577 52.676616125294416 0.5244321158792006
578 53.175756977295414 0.5258358193371852
579 53.67955282932934 0.5275057461093571
580 54.188032085056584 0.5294467313699412
581 54.701222729440346 0.531664071268247
582 55.21915228195506 0.53416354248452
583 55.74184774677869 0.5369514233562153
584 56.26933555975833 0.5400345166765428
585 56.80164153192319 0.54342017427544
586 57.33879078930202 0.5471163235020767
587 57.88080770878434 0.5511314957376705
588 58.427715849745134 0.5554748570778337
589 58.97953788113156 0.5601562413349636
590 59.53629550368771 0.5651861855233832
591 60.09800936696867 0.5705759680031363
592 60.66469898076873 0.5763376494725992
593 61.23638262055988 0.5824841170155083
594 61.81307722650552 0.5890291314246935
595 62.39479829558116 0.5959873780428748
596 62.98155976629727 0.6033745213804286
597 63.573373895480465 0.6112072637911896
598 64.17025112652664 0.619503408510261
599 64.77219994849406 0.6282819273825906
600 65.37922674535456 0.6375630336379114
601 65.99133563466742 0.647368260096685
602 66.60852829488283 0.6577205432231218
603 67.23080378041826 0.6686443134753687
604 67.85815832358429 0.6801655924397553
605 68.4905851223621 0.692312097275799
606 69.12807411295601 0.7051133530417182
607 69.77061172595847 0.7186008135167351
608 70.41818062487222 0.7328079911867325
609 71.07075942563421 0.747770597114133
610 71.7283223956775 0.7635266914714878
611 72.3908391309507 0.7801168455814852
612 73.05827420918837 0.797584316374245
613 73.73058681758964 0.8159752342461504
614 74.40773035291595 0.8353388053834316
615 75.0896519918608 0.8557275296985574
616 75.77629222937449 0.8771974356185489
617 76.46758438244395 0.8998083330619105
618 77.16345405663195 0.9236240860452529
619 77.86381857246913 0.9487129064721418
620 78.56858634856691 0.9751476707754414
621 79.27765623807865 1.0030062612105937
622 79.99091681487853 1.032371933730958
623 80.70824560555423 1.0633337145174986
624 81.42950826301782 1.0959868273835682
625 82.15455767723141 1.130433154430979
626 82.88323301821777 1.1667817324953844
627 83.61535870618413 1.2051492880864298
628 84.35074330322811 1.2456608136999576
629 85.0891783207211 1.2884501885542552
630 85.83043693607706 1.3336608469778022
631 86.57427261221719 1.3814464978495555
632 87.32041761263534 1.4319718986610979
633 88.06858140456104 1.4854136879286883
634 88.81844894231185 1.5419612798270508
635 89.56967882253163 1.601817825039039
636 90.321901302636 1.6652012419080398
637 91.0747161734417 1.7323453220332825
638 91.82769047665755 1.803500914450189
639 92.58035605767762 1.8789371924741805
640 93.33220694396513 1.9589430071397442
641 94.08269653927098 2.043828330916557
642 94.83123462402772 2.133925795006716
643 95.57718415253144 2.2295923229929273
644 96.319857838017 2.3312108628830464
645 97.05851451749383 2.43919221864223
646 97.79235528930472 2.5539769810741633
647 98.52051941786385 2.6760375563543652
648 99.24208000200875 2.8058802885703904
649 99.95603940595447 2.944047670216233
650 100.66132445507687 3.0911206316425637
651 101.35678140279607 3.2477208968919893
652 102.04117067982047 3.4145133890509642
653 102.71316144309799 3.5922086631190977
654 103.37132594917672 3.78156533831539
655 104.01413378548338 3.9833924945847294
656 104.63994600348639 4.19855198970732
657 105.24700921002544 4.427960643717759
658 105.8334496874747 4.672592226182863
659 106.39726763006963 4.93347916915353
660 106.93633160286252 5.211713914203655
661 107.44837335154261 5.508449785842006
662 107.93098311588066 5.824901265727283
663 108.38160562687659 6.162343522603802
664 108.79753699774116 6.522111031877795
665 109.17592275142448 6.905595096578006
666 109.51375726212211 7.314240058565722
667 109.80788492441268 7.749537965968092
668 110.05500340047242 8.213021440854078
669 110.25166933187579 8.706254471412723
670 110.39430693609319 9.230820836943447
671 110.4792199367085 9.788309863841894
672 110.50260729781954 10.380299208905841
673 110.46058324368214 11.008334375576139
674 110.34920204045135 11.673904692464948
675 110.16448799334607 12.378415525351487
676 109.90247106476029 13.123156557603146
677 109.5592284415576 13.909266063573288
678 109.13093226785973 14.737691218508054
679 108.61390360838669 15.609144639734286
680 108.0046725131611 16.524057539057036
681 107.30004381519822 17.482530085198672
682 106.49716800920787 18.484279825081078
683 105.59361623523908 19.528589287887897
684 104.58745803471064 20.614254186374335
685 103.47734017042346 21.7395339216899
686 102.26256442536652 22.90210637236657
687 100.94316194123945 24.099029182128977
688 99.51996135529355 25.326709928380826
689 97.9946477755173 26.580887625290973
690 96.36980953287147 27.85662796442742
691 94.64896969704024 29.14833449736598
692 92.83659956545026 30.449777601058067
693 90.93811175109832 31.754142531011606
694 88.95983110656387 33.054097166506466
695 86.90894251631714 34.34187920949351
696 84.79341553536013 35.60940165513902
697 82.62190689920398 36.848374363891814
698 80.40364301211554 38.05043860177771
699 78.14828556044495 39.207310553480575
700 75.86578431485896 40.310929126996996
701 73.56622190332722 41.353602925327465
702 71.25965579305377 42.32815110836781
703 68.95596287264564 43.22803303128808
704 66.6646918606091 44.04746202048668
705 64.39492829637756 44.78149940229997
706 62.15517613632595 45.426125875200356
707 59.953259042725215 45.97828843640433
708 57.796243396183584 46.435922251552995
709 55.690383965368405 46.79794800375236
710 53.64109211190178 47.064246296685056
711 51.65292546224308 47.23561155262852
712 49.729597194174126 47.31368849768848
713 47.874002495355185 47.30089474356474
714 46.088259367322784 47.200333159372455
715 44.37376076412281 47.01569769827704
716 42.73123504994237 46.75117613518485
717 41.16081190414795 46.41135282471945
718 39.662091059354104 46.0011141473188
719 38.23421159180494 45.52555881809556
720 36.87591985903676 44.989914725877014
721 35.58563456773079 44.3994634794795
722 34.361507831024035 43.75947338788959
723 33.20148142183482 43.07514120599457
724 32.10333773555943 42.351542646188584
725 31.064745235722484 41.5935913910717
726 30.083298368077326 40.8060061415205
727 29.15655209379314 39.99328509240943
728 28.282051314532318 39.15968713798772
729 27.457355546580043 38.30921906218593
730 26.680059253543583 37.4456279575789
731 25.947808273384666 36.57239813239431
732 25.258312781281255 35.69275180061186
733 24.609357220089574 34.809652899585764
734 23.998807609377238 33.92581343751971
735 23.42461661579235 33.04370183532238
736 22.88482673489129 32.165552790615244
737 22.377571899794976 31.29337825352971
738 21.901077796937084 30.428979162709066
739 21.453661134982585 29.57395764449748
740 21.033728080607034 28.72972942799798
741 20.63977204479518 27.897536273216005
742 20.27037097595255 27.078458248845788
743 19.92418429155113 26.273425730564444
744 19.599949558240493 25.48323102026237
745 19.296479011244767 24.708539511827382
746 19.012655987268726 23.9499003503245
747 18.747431330851327 23.207756549098363
748 18.499819821912503 22.482454543890782
749 18.268896661915313 21.77425317491256
750 18.05379404739161 21.08333209730979
751 17.85369785234793 20.409799627961892
752 17.667844435086813 19.753700042348395
753 17.495517580072104 19.115020339596555
754 17.33604558147798 18.493696497011573
755 17.188798471850546 17.889619237603206
756 17.05318539675575 17.302639335536348
757 16.928652134281208 16.73257248520163
758 16.814678756710396 16.17920375985517
759 16.710777430516174 15.642291685623738
760 16.616490349959665 15.121571956204223
761 16.531387798972773 14.6167608128805
762 16.455066335599945 14.127558113599031
763 16.387147093036628 13.653650113838394
764 16.327274191194668 13.1947119809188
765 16.275113252720313 12.750410062259164
766 16.23035001746562 12.320403926928098
767 16.192689049549674 11.904348198672293
768 16.161852531326502 11.501894197457347
769 16.137579138789544 11.112691405434704
770 16.11962299317729 10.736388772163119
771 16.107752683793613 10.372635872870415
772 16.101750357312305 10.021083932546135
773 16.101410869093897 9.681386727710361
774 16.10654099229938 9.3532013768103
775 16.11695868083755 9.036189029354611
776 16.13249238242758 8.730015463105227
777 16.152980398294833 8.434351597906986
778 16.178270286244462 8.148873934044955
779 16.208218304073398 7.873264922376219
780 16.242688890486455 7.607213272885085
781 16.281554180876267 7.3504142077558825
782 16.32469355550957 7.102569664543549
783 16.371993217834333 6.863388454546704
784 16.423345800783473 6.6325863810485695
785 16.47864999910178 6.4098863216856685
786 16.53781022586371 6.1950182788304735
787 16.60073629148129 5.987719401530005
788 16.667343103623917 5.78773398222569
789 16.737550386585898 5.594813431188665
790 16.81128241874369 5.408716231337299
791 16.88846778684327 5.229207875858288
792 16.969039155949567 5.056060790827513
793 17.052933053974648 4.889054244820551
794 17.14008966978022 4.727974247313699
795 17.23045266392265 4.5726134375033824
796 17.32396899117656 4.422770965013532
797 17.420588734035352 4.278252363815826
798 17.520264946445256 4.138869420555484
799 17.622953507082837 4.004440038354582
800 17.72861298153584 3.874788097054677
801 17.837204492793052 3.749743310760087
802 17.94869159949147 3.6291410834515934
803 18.063040181408468 3.5128223633569307
804 18.180218331723086 3.4006334966885507
805 18.300196255604348 3.292426081290092
806 18.422946174715715 3.1880568206702664
807 18.54844223725373 3.087387378845897
808 18.67666043316572 2.9902842363641513
809 18.807578514216157 2.8966185478271655
810 18.941175918594322 2.8062660011998015
811 19.07743369977717 2.7191066791429073
812 19.216334459380974 2.6350249225797318
813 19.357862283753686 2.553909196671842
814 19.50200268407684 2.475651959352635
815 19.64874253976147 2.4001495325411386
816 19.798070044937255 2.327301976135911
817 19.949974657847367 2.257012964868375
818 20.104447052974283 2.189189668076513
819 20.261479075733266 2.12374263244345
820 20.421063699581104 2.060585667730773
821 20.58319498539774 1.9996357355234082
822 20.747868043007667 1.9408128409912855
823 20.91507899471668 1.8840399276627833
824 21.08482494074758 1.8292427751959115
825 21.257103926465923 1.776349900125249
826 21.431914911293852 1.7252924595557162
827 21.609257739216496 1.6760041577682254
828 21.789133110791447 1.6284211556970263
829 21.97154255657745 1.5824819832340864
830 22.156488411903577 1.538127454312027
831 22.343973792905118 1.4953005847139207
832 22.534002573756805 1.4539465125555882
833 22.726579365038344 1.4140124213838412
834 22.921709493170997 1.375447465832379
835 23.11939898086778 1.338202699775688
836 23.319654528543065 1.302231006920292
837 23.52248349663076 1.2674870337720154
838 23.72789388876297 1.2339271249175103
839 23.935894335764093 1.2015092605581439
840 24.146494080417572 1.1701929962343984
841 24.359702962965226 1.1399394046791986
842 24.575531407301114 1.1107110197390035
843 24.793990407824094 1.0824717823020846
844 25.015091516915195 1.0551869881741185
845 25.238846833007713 1.028823237842046
846 25.465268989219656 1.0033483880680782
847 25.6943711425198 0.9787315052567279
848 25.926166963400053 0.954942820538835
849 26.160670626028264 0.9319536865176832
850 26.39789679885684 0.9097365356235009
851 26.63786063566387 0.8882648400238645
852 26.880577767004393 0.8675130730387872
853 27.126064292050724 0.8474566720105599
854 27.374336770801545 0.8280720025797176
855 27.62541221664047 0.8093363243198209
856 27.87930808922564 0.7912277576850656
857 28.136042287692646 0.7737252522260615
858 28.395633144153884 0.7568085560304466
859 28.658099417478024 0.7404581863463217
860 28.923460287334006 0.7246554013478039
861 29.19173534848446 0.709382173003299
862 29.46294460531406 0.6946211610083791
863 29.737108466578732 0.680355687746429
864 30.01424774036215 0.6665697142414768
865 30.294383629226306 0.6532478170688691
866 30.577537725543333 0.6403751661906646
867 30.86373200699607 0.6279375036838275
868 31.152988832235188 0.615921123330476
869 31.445330936680886 0.6043128510406043
870 31.74078142845743 0.5931000260788349
871 32.03936378444902 0.5822704830678739
872 32.341101846465556 0.5718125347424386
873 32.64601981750702 0.5617149554285075
874 32.954142258115375 0.5519669652237912
875 33.26549408280276 0.5425582148563667
876 33.580100556544906 0.5334787711994289
877 33.8979872913287 0.5247191034211163
878 34.219180242742695 0.5162700697493469
879 34.54370570659944 0.5081229048325657
880 34.87159031557812 0.500269207678256
881 35.20286103587624 0.49270093015199823
882 35.53754516385862 0.4854103660207861
883 35.87567032269173 0.47839014052521556
884 36.21726445895154 0.4716332004660636
885 36.56235583919215 0.4651328047916615
886 36.9109730464628 0.4588825156733527
887 37.26314497675992 0.45287619005719726
888 37.618900835400886 0.4471079716809614
889 37.978270133305514 0.44157228354629663
890 38.34128268317067 0.43626382083688364
891 38.707968595523226 0.43117754427418653
892 39.078358274635605 0.42630867390333727
893 39.45248241428759 0.4216526833025498
894 39.83037199335753 0.4172052942103533
895 40.212058271225104 0.41296247156583216
896 40.59757278296692 0.40892041895797493
897 40.98694733432551 0.4050755744811639
898 41.38021399643108 0.40142460699478677
899 41.77740510025451 0.3979644127859249
900 42.178553230768614 0.39469211263507115
901 42.58369122079376 0.3916050492858605
902 42.9928521445024 0.3887007853208603
903 43.40606931055567 0.385977101446569
904 43.82337625484355 0.3834319951919177
905 44.244806732798544 0.3810636800257626
906 44.6703947112509 0.3788705849001033
907 45.10017435979144 0.3768513542270682
908 45.534180041605985 0.37500484829907915
909 45.97244630374312 0.37333014416305055
910 46.415007866774445 0.37182653696100254
911 46.86189961380407 0.37049354175107285
912 47.31315657878101 0.36933089582462075
913 47.76881393406529 0.36833856153692146
914 48.228906977195145 0.36751672967087384
915 48.69347111679924 0.3668658233551897
916 49.16254185759394 0.3663865025607169
917 49.63615478440169 0.36607966920087975
918 50.11434554512183 0.3659464728647132
919 50.59714983258089 0.36598831721363834
920 51.08460336518366 0.36620686707598904
921 51.57674186628132 0.36660405627637305
922 52.07360104216643 0.36718209624025255
923 52.575216558598655 0.3679434854176812
924 53.08162401575748 0.3688910195739573
925 53.59285892151124 0.3700278029990737
926 54.10895666288318 0.37135726069228614
927 54.62995247558677 0.37288315158291774
928 55.155881411492715 0.37460958285369367
929 55.68677830388015 0.3765410254384961
930 56.222677730313045 0.37868233077248054
931 56.763613972970994 0.3810387488790415
932 57.309620976250585 0.38361594788520315
933 57.86073230143934 0.3864200350646891
934 58.416981078248945 0.3894575795162454
935 58.97839995297805 0.3927356365938142
936 59.54502103305701 0.39626177421494096
937 60.116875827707354 0.4000441011844191
938 60.69399518442792 0.40409129768170865
939 61.27640922099664 0.40841264807318606
940 61.864147252652245 0.4130180762238902
941 62.457237714093246 0.4179181834982176
942 63.055708075902395 0.42312428965509696
943 63.6595847549731 0.4286484768606575
944 64.26889301848004 0.4345036370604257
945 64.88365688089847 0.4407035229737814
946 65.50389899353662 0.44726280299592636
947 66.12964052600097 0.4541971203171412
948 66.76090103896645 0.4615231565958015
949 67.39769834757143 0.4692587005506952
950 68.04004837470046 0.4774227218698495
951 68.68796499335626 0.4860354508675627
952 69.3414598572551 0.4951184643589059
953 70.00054221870671 0.5046947782618895
954 70.6652187327605 0.5147889474820773
955 71.33549324651307 0.525427173683002
956 72.0113665723784 0.5366374215986501
957 72.69283624401899 0.5484495446019141
958 73.37989625352533 0.5608954203056721
959 74.07253676830948 0.5740090970414962
960 74.77074382604663 0.5878269521353716
961 75.47449900585492 0.6023878629807627
962 76.1837790737478 0.6177333919974053
963 76.89855560022286 0.6339079866599422
964 77.6187945476675 0.65095919588454
965 78.34445582505991 0.66893790417459
966 79.07549280722719 0.6878985850491749
967 79.81185181568532 0.7078995754108739
968 80.55347155782908 0.7290033726534094
969 81.30028252096278 0.7512769564653369
970 82.05220631736029 0.774792137454191
971 82.80915497621842 0.7996259348969412
972 83.57103017801472 0.8258609861179785
973 84.33772242640117 0.8535859902057902
974 85.10911015235615 0.8828961890045415
975 85.88505874487663 0.9138938885573974
976 86.66541950202007 0.9466890244348634
977 87.45002849559967 0.9813997746537257
978 88.23870534229663 1.0181532241800828
979 89.03125187337785 1.0570860853128143
980 89.82745069459831 1.0983454785605018
981 90.62706362722327 1.1420897789535052
982 91.42983002043029 1.1884895330710505
983 92.23546492464484 1.2377284524072447
984 93.04365711463305 1.2900044890451259
985 93.85406695042433 1.3455309999479217
986 94.6663240633756 1.4045380065035091
987 95.48002485392637 1.4672735562613224
988 96.29472978684629 1.5340051940675963
989 97.1099604690604 1.6050215500185743
990 97.92519649447671 1.6806340517919394
991 98.73987203966443 1.7611787689593768
992 99.55337219377505 1.8470183967974305
993 100.36502900580767 1.9385443868626833
994 101.17411723224923 2.0361792311360682
995 101.97984976833489 2.1403789058160965
996 102.7813727467558 2.2516354797877303
997 103.57776028868548 2.370479891336227
998 104.36800889361837 2.4974848947233887
999 105.15103145685039 2.633268175691388
1000 105.92565090664245 2.7784956316832665
